,R1,R1.91,R2,R3,R3.90,R4,R5,R6,R6.90,R7,R7.92,R8,R8.88,R9,R10,R10.91,R10.87,R11,R12,R13,R14,R14.89,R15,R16,R19.92,R19.88,R17,R18,R30,R31,R21,R22,R22.89,R23,R24,R25,R25.90,R26,R27,R27.89,R28,R28.90,R29,M16,M17,M17.90,M17.86,M18,M19,M20,R33,R34,R35,R36,R37,R37.91,R38,R39,M1.88,M2,M2.92,M3,M4,M5,M6,M7,M7.89,M8,M8.91,M8.88,M9,M10,M15,M24,M25,M26,M27,M27.91,M28,M30,M31,M31.88,M32,M33,M34,M35,M35.91,M36,M37.92,M37.89,M38.91,M39,M41,M41.92,M42,M43,M44,M45,M46,M47,M48,M50,M51,M52,M53,M54,M55,M56,M56.91,M56.87,M57,M58,M58.91,M59,M59.92,M60,M61,M63,M64,M65,M67,M67.90,M68,M69,M70,M71,M72,M73,M74,S92
R1,0,0.076923077,0.015384615,0.046875,0.083333333,1,1,1,1,1,1,1,1,1,0.971223022,1,0.969230769,0.962962963,0.830188679,0.958677686,0.953271028,0.968421053,0.951923077,0.927835052,1,0.984732824,1,0.983146067,0.994117647,0.994350282,0.965217391,0.991266376,0.991189427,0.991071429,0.991150442,0.991341991,1,0.991189427,0.99245283,0.992307692,0.992395437,0.992,0.992395437,0.93,0.952755906,0.975,1,0.946902655,0.959677419,0.951219512,0.9875,0.991596639,0.991150442,0.952,0.950819672,0.98,0.951612903,1,0.973451327,0.981707317,1,0.980645161,0.982248521,0.98245614,0.97972973,0.986206897,0.986206897,0.98089172,1,0.979452055,0.980769231,0.981012658,1,0.992537313,0.992125984,0.992592593,1,1,1,0.983193277,0.993377483,0.993243243,0.993288591,0.992125984,0.99122807,1,0.981818182,0.991666667,1,0.99137931,0.991071429,0.992125984,1,1,1,1,1,0.980263158,0.986928105,0.986206897,0.966666667,1,0.993055556,0.992647059,0.993150685,0.99270073,0.992537313,0.964912281,0.970873786,0.972727273,0.96460177,0.982905983,1,0.983050847,1,0.99137931,0.991452991,0.963855422,0.962962963,0.983333333,1,1,1,0.984251969,0.984,0.992,0.991935484,0.969924812,0.991735537,0.987341772
R1.91,0.076923077,0,0.111111111,0.041666667,0,1,1,1,1,1,1,1,1,1,1,1,1,1,0.333333333,1,1,1,1,1,1,1,1,1,1,1,1,1,1,1,1,1,1,1,1,1,1,1,1,0.96,0.954545455,0.973684211,1,0.945945946,1,0.979166667,0.974358974,1,1,0.971428571,0.971428571,1,0.972222222,1,1,1,1,1,1,1,1,1,1,1,1,1,1,1,1,1,1,1,NA,1,NA,0.975609756,1,1,1,0.980769231,0.975609756,1,0.981132075,0.97826087,1,1,0.972222222,1,1,1,1,1,1,1,1,1,0.974358974,1,1,1,1,1,1,1,1,1,1,0.977777778,1,0.977777778,1,0.977777778,0.977777778,0.961538462,0.960784314,1,1,1,1,1,1,1,1,0.978723404,1,0.974358974
R2,0.015384615,0.111111111,0,0.061538462,0.12,1,1,1,1,1,1,1,1,1,0.964028777,0.982758621,0.961538462,0.955555556,0.830188679,0.959016393,0.953703704,0.96875,0.952380952,0.928571429,1,0.984848485,1,0.983240223,0.994152047,0.994382022,0.965517241,0.991304348,0.99122807,0.991111111,0.991189427,0.99137931,1,0.99122807,0.992481203,0.992337165,0.992424242,0.992031873,0.992424242,0.92,0.953125,0.975609756,1,0.947368421,0.951612903,0.943089431,0.987654321,0.991666667,0.99122807,0.952380952,0.951219512,0.980392157,0.952,1,0.973684211,0.981818182,1,0.980769231,0.982352941,0.98255814,0.979865772,0.98630137,0.98630137,0.981012658,1,0.979591837,0.98089172,0.981132075,1,0.992592593,0.9921875,0.992647059,1,1,1,0.983333333,0.993421053,0.993288591,0.993333333,0.984251969,0.98245614,0.992063492,0.963636364,0.983333333,1,0.991452991,0.991150442,0.9921875,1,1,1,1,1,0.980392157,0.987012987,0.98630137,0.966887417,1,0.993103448,0.99270073,0.993197279,0.992753623,0.992592593,0.965217391,0.971153846,0.972972973,0.964912281,0.983050847,1,0.983193277,1,0.991452991,0.991525424,0.964071856,0.963190184,0.983425414,1,1,1,0.984375,0.984126984,0.992063492,0.992,0.970149254,0.991803279,0.9875
R3,0.046875,0.041666667,0.061538462,0,0.045454545,1,1,1,1,1,1,1,1,1,0.970588235,1,0.968503937,0.962121212,0.830188679,0.966386555,0.951923077,0.967391304,0.95049505,0.936842105,1,0.984375,1,0.982857143,0.994011976,0.994252874,0.964285714,0.991150442,0.991071429,0.990950226,0.99103139,0.99122807,1,0.991071429,0.992366412,0.992217899,0.992307692,0.991902834,0.992307692,0.93,0.951612903,0.972972973,1,0.945454545,0.958677686,0.95,0.987012987,0.99137931,0.990909091,0.950819672,0.949579832,0.978723404,0.950413223,1,0.973451327,0.98136646,1,0.980263158,0.981927711,0.982142857,0.979310345,0.985915493,0.985915493,0.980519481,1,0.979020979,0.980392157,0.980645161,1,0.992366412,0.991935484,0.992424242,1,1,1,0.982758621,0.993243243,0.993103448,0.993150685,0.991935484,0.991071429,1,0.980769231,0.991452991,1,0.991150442,0.990825688,0.991935484,1,1,1,1,1,0.979865772,0.986666667,0.985915493,0.965986395,1,0.992907801,0.992481203,0.993006993,0.992537313,0.992366412,0.963963964,0.97,0.971962617,0.963636364,0.98245614,1,0.982608696,1,0.991150442,0.99122807,0.963190184,0.962264151,0.983050847,1,1,1,0.983870968,0.983606557,0.991803279,0.991735537,0.969230769,0.991525424,0.986842105
R3.90,0.083333333,0,0.12,0.045454545,0,1,1,1,1,1,1,1,1,1,1,1,1,1,NA,1,1,1,1,1,1,1,1,1,1,1,1,1,1,1,1,1,1,1,1,1,1,1,1,0.95,0.975,1,1,0.96875,1,0.976744186,1,1,1,0.96875,0.96875,1,0.96969697,1,1,1,1,1,1,1,1,1,1,1,1,1,1,1,1,1,1,1,NA,1,NA,0.974358974,1,1,1,0.979166667,0.972972973,1,0.979166667,0.976744186,1,1,0.96969697,1,1,1,1,1,1,1,1,1,0.971428571,1,1,1,1,1,1,1,1,1,1,0.975,1,0.975,1,0.975,0.975,0.958333333,0.957446809,1,1,1,1,1,1,1,1,0.977777778,1,0.971428571
R4,1,1,1,1,1,0,0.716216216,0.037037037,0.214285714,0.160714286,0.2,0.741573034,0.5625,0.772727273,1,1,1,1,1,0.973214286,0.969387755,0.964285714,0.968421053,0.989130435,0.941176471,0.967479675,0.952702703,0.963414634,0.967741935,0.962732919,0.981132075,0.990825688,0.990740741,0.990610329,0.990697674,0.972222222,0.979591837,0.971698113,0.976,0.979674797,0.979919679,0.978813559,0.979919679,1,1,1,1,1,1,1,1,0.981308411,0.98019802,1,1,1,1,1,0.990654206,0.987012987,1,0.986206897,0.987421384,0.98757764,0.985507246,0.985074627,0.985074627,0.986394558,1,0.99270073,0.993197279,0.986486486,0.983870968,0.957983193,0.955357143,0.958333333,1,0.968421053,1,0.990825688,0.985611511,0.985294118,0.98540146,1,1,1,1,1,1,1,0.980952381,0.991304348,1,1,1,1,1,0.971428571,0.971428571,0.985074627,0.978723404,0.975206612,0.96124031,0.967213115,0.96969697,0.967479675,0.975206612,1,1,1,1,1,1,1,1,1,1,1,1,0.988235294,0.8125,0.813333333,0.8375,0.991452991,0.991304348,0.963963964,0.963636364,0.992,0.972222222,1
R5,1,1,1,1,1,0.716216216,0,0.733333333,0.746478873,0.722222222,0.555555556,0.671052632,0.466666667,0.706666667,1,1,1,1,1,0.980392157,0.977272727,0.972972973,0.976470588,0.987654321,0.939393939,0.973451327,0.956521739,0.960784314,0.958041958,0.96,0.968085106,0.990338164,0.990243902,0.99009901,0.990196078,0.985576923,0.957446809,0.990243902,0.974895397,0.978723404,0.974683544,0.973214286,0.974683544,1,1,1,1,1,0.990566038,1,1,0.989690722,0.989010989,1,1,1,1,1,1,0.993055556,0.971428571,0.992592593,0.993288591,0.993377483,0.9921875,1,1,0.99270073,1,0.992063492,1,0.992753623,0.980392157,0.953703704,0.95049505,0.95412844,1,0.964285714,1,0.989795918,0.992248062,0.992063492,0.992125984,1,1,1,1,1,1,1,0.978723404,0.980769231,1,1,1,1,1,0.976923077,0.976923077,0.983739837,0.992424242,0.991071429,0.983471074,0.982300885,0.975409836,0.973451327,0.981981982,1,1,1,1,1,1,1,1,1,1,1,1,0.987421384,0.764705882,0.746031746,0.811594203,0.990566038,0.990384615,0.96,0.95959596,0.99122807,0.969072165,0.98245614
R6,1,1,1,1,1,0.037037037,0.733333333,0,0.214285714,0.192982456,0.2,0.727272727,0.5625,0.75862069,1,1,1,1,1,0.973214286,0.969387755,0.964285714,0.968421053,0.989130435,0.942857143,0.967479675,0.952702703,0.963414634,0.967741935,0.962732919,0.981132075,0.990825688,0.990740741,0.990610329,0.990697674,0.972222222,0.98,0.971698113,0.976,0.979674797,0.979919679,0.978813559,0.979919679,1,1,1,1,1,1,1,1,0.981308411,0.98019802,1,1,1,1,1,0.990654206,0.987012987,1,0.986206897,0.987421384,0.98757764,0.985507246,0.985074627,0.985074627,0.986394558,1,0.99270073,0.993197279,0.986486486,0.983870968,0.957983193,0.955357143,0.958333333,1,0.968421053,1,0.990825688,0.985611511,0.985294118,0.98540146,1,1,1,1,1,1,1,0.980952381,0.991304348,1,1,1,1,1,0.971428571,0.971428571,0.985074627,0.978723404,0.975206612,0.96124031,0.967213115,0.961832061,0.967479675,0.975206612,1,1,1,1,1,1,1,1,1,1,1,1,0.988235294,0.827160494,0.828947368,0.8375,0.991452991,0.991304348,0.963963964,0.963636364,0.992,0.972222222,1
R6.90,1,1,1,1,1,0.214285714,0.746478873,0.214285714,0,0.327586207,0.266666667,0.765432099,0.625,0.772151899,1,1,1,1,1,0.971428571,0.967391304,0.961538462,0.966292135,0.988235294,0.939393939,0.983193277,0.955882353,0.971830986,0.971428571,0.979020979,0.978723404,0.994680851,0.994623656,0.994708995,0.994594595,0.984210526,0.979166667,0.983957219,0.981042654,0.985507246,0.980861244,0.979695431,0.980769231,1,1,1,1,1,1,1,1,0.979381443,0.97826087,1,1,1,1,1,1,1,1,1,1,1,1,1,1,1,1,1,1,1,0.982142857,0.962616822,0.96,0.962616822,NA,0.962025316,NA,0.99009901,0.991525424,0.991304348,0.99137931,1,1,1,1,1,1,1,0.97979798,0.990291262,1,1,1,1,1,0.983739837,0.983739837,0.982608696,0.992063492,0.981481481,0.973214286,0.981132075,0.982608696,0.981308411,0.99047619,1,1,1,1,1,1,1,1,1,1,1,1,0.993548387,0.842105263,0.847222222,0.816901408,0.990654206,0.990566038,0.969387755,0.969072165,0.991150442,0.968421053,1
R7,1,1,1,1,1,0.160714286,0.722222222,0.192982456,0.327586207,0,0.142857143,0.747126437,0.533333333,0.793103448,1,1,1,1,1,0.972477064,0.968421053,0.962962963,0.967391304,0.988764045,0.939393939,0.966666667,0.95890411,0.969135802,0.967105263,0.962025316,0.980582524,0.99537037,0.995327103,0.995260664,0.995305164,0.971830986,0.979166667,0.971291866,0.975708502,0.979423868,0.979674797,0.978540773,0.979674797,1,1,1,1,1,1,1,1,0.99047619,0.98989899,1,1,1,1,1,0.99047619,0.986754967,1,0.985915493,0.987179487,0.987341772,0.985185185,0.984732824,0.984732824,0.986111111,1,0.992537313,0.993055556,0.986206897,0.983050847,0.965811966,0.963636364,0.966101695,1,0.967391304,1,0.990566038,0.985294118,0.984962406,0.985074627,1,1,1,1,1,1,1,0.980392157,0.991071429,1,1,1,1,1,0.97080292,0.97080292,0.984732824,0.97826087,0.974576271,0.96031746,0.966386555,0.976923077,0.966666667,0.974576271,1,1,1,1,1,1,1,1,1,1,1,1,0.988023952,0.835443038,0.837837838,0.846153846,0.99122807,0.991071429,0.962962963,0.962616822,0.991803279,0.971428571,1
R7.92,1,1,1,1,1,0.2,0.555555556,0.2,0.266666667,0.142857143,0,0.652173913,0.6,0.681818182,1,1,1,1,NA,0.964285714,0.954545455,0.952380952,0.954545455,0.96,0.928571429,0.928571429,0.939393939,0.966666667,0.96969697,0.972222222,0.964285714,1,1,1,1,0.977272727,0.977272727,0.977272727,1,1,1,1,1,1,1,1,1,1,1,1,1,1,1,1,1,1,1,1,1,1,1,1,1,1,1,1,1,1,1,1,1,1,0.952380952,0.928571429,0.928571429,0.925925926,NA,0.92,NA,0.965517241,0.971428571,0.970588235,0.970588235,1,1,1,1,1,1,1,0.956521739,0.928571429,1,1,1,1,1,0.928571429,0.928571429,0.928571429,0.961538462,1,1,1,1,1,1,1,1,1,1,1,1,1,1,1,1,1,1,0.973684211,0.611111111,0.647058824,0.647058824,0.954545455,0.95,0.925925926,0.92,0.971428571,0.954545455,1
R8,1,1,1,1,1,0.741573034,0.671052632,0.727272727,0.765432099,0.747126437,0.652173913,0,0.411764706,0.21875,1,1,1,1,1,0.983193277,0.980952381,0.978021978,0.980392157,0.989795918,0.95,0.984,0.974522293,0.988505747,0.981595092,0.982352941,0.982142857,0.981981982,0.981818182,0.98156682,0.98173516,0.986666667,0.981818182,0.986425339,0.97254902,0.976095618,0.972332016,0.970833333,0.976377953,1,1,1,1,1,1,1,1,1,1,1,1,1,1,1,1,0.99378882,0.975,1,1,0.994047619,1,1,1,0.993506494,0.976190476,1,0.993464052,0.993548387,0.985294118,0.96,0.957627119,0.96031746,1,0.97029703,1,0.991304348,0.993150685,0.993006993,0.993055556,1,1,1,1,1,1,1,0.990566038,0.991735537,1,1,1,1,1,0.986486486,0.986486486,0.985714286,0.993288591,0.984375,0.970588235,0.984615385,0.971014493,0.976923077,0.992248062,1,1,1,1,1,1,1,1,1,1,1,1,0.994350282,0.852272727,0.860759494,0.875,0.991869919,0.991735537,0.965811966,0.965517241,0.992366412,0.96460177,0.986486486
R8.88,1,1,1,1,1,0.5625,0.466666667,0.5625,0.625,0.533333333,0.6,0.411764706,0,0.4375,1,1,1,1,NA,0.96,0.947368421,0.947368421,0.95,0.958333333,0.962962963,0.962962963,0.967741935,1,1,1,1,1,1,1,1,1,1,1,0.982758621,0.981818182,0.98245614,0.981481481,0.982142857,1,1,1,1,1,1,1,1,1,1,1,1,1,1,1,1,1,1,1,1,1,1,1,1,1,1,1,1,1,0.941176471,0.958333333,0.958333333,0.956521739,NA,0.952380952,NA,0.958333333,0.96875,0.967741935,0.967741935,1,1,1,1,1,1,1,0.952380952,0.923076923,1,1,1,1,1,0.956521739,0.956521739,0.956521739,1,1,1,1,1,1,1,1,1,1,1,1,1,1,1,1,1,1,1,1,0.6875,0.75,0.666666667,0.947368421,0.944444444,0.95,0.944444444,0.966666667,0.952380952,1
R9,1,1,1,1,1,0.772727273,0.706666667,0.75862069,0.772151899,0.793103448,0.681818182,0.21875,0.4375,0,1,1,1,1,1,0.99137931,0.990196078,0.988636364,0.98989899,0.989361702,0.947368421,0.983606557,0.967105263,0.988235294,0.981132075,0.981927711,0.990825688,0.981651376,0.981481481,0.981220657,0.981395349,0.986425339,0.981132075,0.986175115,0.972111554,0.975708502,0.97188755,0.970338983,0.976,1,1,1,1,1,1,1,1,0.990909091,0.990384615,1,1,1,1,1,1,1,1,1,1,1,1,1,1,1,1,1,1,1,0.984375,0.958677686,0.956140351,0.959016393,1,0.969072165,1,0.990990991,0.992957746,0.992805755,0.992857143,1,1,1,1,1,1,1,0.990291262,0.991525424,1,1,1,1,1,0.986111111,0.986111111,0.985294118,0.993103448,0.975609756,0.96969697,0.992125984,0.954545455,0.976190476,0.992,1,1,1,1,1,1,1,1,1,1,1,1,0.994219653,0.858823529,0.87012987,0.869047619,0.991596639,0.991452991,0.96460177,0.964285714,0.992125984,0.963302752,0.985714286
R10,0.971223022,1,0.964028777,0.970588235,1,1,1,1,1,1,1,1,1,1,0,0.058823529,0.063291139,0.109756098,0.90625,0.947761194,0.941666667,0.972727273,0.949152542,0.855769231,0.981481481,0.951724138,0.988826816,0.968421053,0.989130435,0.984210526,0.969230769,0.975,0.974789916,0.974468085,0.974683544,0.983606557,0.985294118,0.983333333,0.981949458,0.981617647,0.981818182,0.980916031,0.981818182,0.913461538,0.935251799,0.934782609,1,0.94488189,0.933333333,0.941176471,0.989473684,0.961538462,0.984251969,0.957142857,0.95620438,0.98245614,0.956834532,1,0.983333333,0.97752809,1,0.964071856,0.978142077,0.978378378,0.9625,0.9875,0.981132075,0.976608187,1,0.987654321,0.98245614,0.98265896,0.977011494,0.97260274,0.978571429,0.972789116,1,1,1,0.953846154,0.969135802,0.968553459,0.96875,0.908396947,0.898148148,0.8984375,0.915254237,0.920634921,1,0.984615385,0.984615385,0.976377953,0.979166667,0.954545455,0.979381443,0.979381443,0.979166667,0.944099379,0.950617284,0.95483871,0.988095238,1,0.98089172,0.986666667,0.9875,0.986754967,0.986486486,0.952755906,0.958333333,0.959349593,0.960629921,0.94488189,0.959183673,0.9453125,0.981132075,0.952380952,0.944444444,0.972527473,0.971910112,0.979381443,1,1,1,0.993006993,0.992907801,0.97826087,0.97810219,0.95890411,0.97761194,1
R10.91,1,1,0.982758621,1,1,1,1,1,1,1,1,1,1,1,0.058823529,0,0.058823529,0.117647059,1,0.957446809,0.952380952,0.951219512,0.952380952,0.930232558,0.98,0.98,0.98245614,0.981132075,1,1,0.979166667,0.984126984,0.983870968,0.984126984,0.983333333,0.984375,0.984375,0.984375,0.988888889,0.988372093,0.988764045,0.988235294,0.988372093,0.85,0.941176471,0.931818182,1,0.955555556,0.945454545,0.944444444,0.978723404,0.978723404,0.977777778,1,1,1,1,1,1,1,1,0.982758621,1,1,0.981481481,1,1,1,1,1,1,1,0.95,0.979591837,0.979591837,0.979166667,NA,1,NA,0.979591837,1,1,1,0.910714286,0.916666667,0.913793103,0.912280702,0.942307692,1,1,0.977272727,1,0.959183673,0.952380952,0.96,0.96,0.959183673,1,1,1,1,1,1,1,1,1,1,0.979591837,0.979166667,0.979591837,0.98,0.961538462,0.954545455,0.961538462,0.976190476,0.961538462,0.961538462,0.983606557,0.983333333,0.982758621,1,1,1,1,1,0.979591837,0.97826087,1,1,1
R10.87,0.969230769,1,0.961538462,0.968503937,1,1,1,1,1,1,1,1,1,1,0.063291139,0.058823529,0,0.1375,0.9,0.961832061,0.930434783,0.971698113,0.947368421,0.882352941,0.981481481,0.958041958,0.99408284,0.964285714,0.994152047,0.988372093,0.966666667,0.976415094,0.976190476,0.976525822,0.976076555,0.98156682,0.985294118,0.981308411,0.978991597,0.978540773,0.978813559,0.977678571,0.978723404,0.930693069,0.948529412,0.934782609,1,0.951612903,0.946969697,0.946969697,0.989010989,0.967479675,0.983333333,0.954198473,0.953125,0.98245614,0.953846154,1,0.982142857,0.982035928,1,0.968152866,0.98245614,0.98265896,0.966666667,0.993333333,0.986666667,0.981481481,1,0.993548387,0.98125,0.987654321,0.975903614,0.97037037,0.976744186,0.97037037,NA,1,NA,0.96,0.972027972,0.971428571,0.971631206,0.902439024,0.891089109,0.891666667,0.915254237,0.915254237,1,0.983333333,0.976190476,0.983050847,0.97826087,0.954545455,0.978494624,0.978494624,0.97826087,0.944827586,0.952054795,0.956834532,0.993506494,1,0.978571429,0.985074627,0.986013986,0.985185185,0.984848485,0.959677419,0.957264957,0.957983193,0.959349593,0.943089431,0.959183673,0.943548387,0.981132075,0.950819672,0.942622951,0.969512195,0.968944099,0.977777778,1,1,1,0.985074627,0.984962406,0.976190476,0.976,0.955882353,0.992,1
R11,0.962962963,1,0.955555556,0.962121212,1,1,1,1,1,1,1,1,1,1,0.109756098,0.117647059,0.1375,0,0.920634921,0.954545455,0.94017094,0.971962617,0.947826087,0.873786408,0.980769231,0.95035461,0.994350282,0.973404255,0.994505495,0.989361702,0.968503937,0.974683544,0.974468085,0.974137931,0.974358974,0.98340249,0.984848485,0.983122363,0.981751825,0.981412639,0.981617647,0.980694981,0.981617647,0.922330097,0.941605839,0.931818182,1,0.952,0.939849624,0.939849624,0.989130435,0.96875,0.983870968,0.95620438,0.955223881,0.981818182,0.955882353,1,0.983050847,0.982954545,1,0.96969697,0.983425414,0.983606557,0.96835443,0.993670886,0.987261146,0.982248521,1,0.99375,0.982142857,0.988304094,0.976190476,0.972027972,0.97810219,0.972222222,1,1,1,0.952755906,0.968553459,0.967948718,0.968152866,0.914728682,0.905660377,0.904761905,0.931034483,0.918699187,1,0.984251969,0.984126984,0.984,0.989361702,0.977272727,0.989473684,0.989473684,0.989361702,0.943037975,0.949685535,0.953947368,0.981707317,1,0.980519481,0.986394558,0.987261146,0.986486486,0.986206897,0.96,0.956896552,0.958333333,0.959677419,0.943548387,0.957446809,0.944,0.980392157,0.951219512,0.943089431,0.972067039,0.971428571,0.979057592,1,1,1,0.992857143,0.992753623,0.977777778,0.97761194,0.958041958,0.984848485,1
R12,0.830188679,0.333333333,0.830188679,0.830188679,NA,1,1,1,1,1,NA,1,NA,1,0.90625,1,0.9,0.920634921,0,0.936507937,0.907407407,0.930232558,0.901960784,0.833333333,1,0.945945946,1,0.974576271,1,1,0.947368421,0.981012658,0.980769231,0.980392157,0.98089172,0.974358974,1,0.973684211,0.987951807,0.987878788,0.987878788,0.987261146,0.987951807,0.9375,0.941176471,0.75,NA,0.935483871,0.950819672,0.951612903,0.96,0.968253968,0.966101695,0.931506849,0.928571429,1,0.929577465,1,0.987179487,0.96969697,1,0.966292135,0.971153846,0.971153846,0.964705882,0.976190476,0.976190476,0.978494624,1,0.976470588,0.979381443,0.968421053,1,0.986666667,0.985294118,0.987012987,1,1,1,0.966101695,0.976190476,0.975609756,0.988095238,0.964912281,0.982142857,0.981818182,1,0.982142857,NA,0.971830986,1,0.987804878,1,NA,1,1,1,0.944444444,0.956043956,0.951807229,0.96875,1,0.977272727,0.9875,0.97752809,0.987654321,0.987341772,0.927272727,0.918367347,0.92,0.925925926,0.964285714,1,0.964912281,1,0.962962963,0.963636364,0.948453608,0.946808511,0.963963964,1,1,1,0.973333333,0.973333333,0.985294118,0.985507246,0.907692308,0.970149254,1
R13,0.958677686,1,0.959016393,0.966386555,1,0.973214286,0.980392157,0.973214286,0.971428571,0.972477064,0.964285714,0.983193277,0.96,0.99137931,0.947761194,0.957446809,0.961832061,0.954545455,0.936507937,0,0.705882353,0.72,0.741176471,0.926315789,0.914285714,0.9453125,0.993865031,0.988700565,0.981927711,0.98265896,0.936363636,0.97309417,0.968181818,0.972477064,0.972727273,0.991266376,0.980392157,0.991111111,0.988549618,0.988326848,0.988461538,0.987854251,0.988461538,0.95049505,0.968503937,0.967741935,1,0.96460177,0.967479675,0.975806452,1,0.991452991,1,0.968,0.967213115,0.972222222,0.976,1,0.99122807,0.987730061,1,0.973684211,0.988095238,0.988235294,0.979452055,0.986013986,0.986013986,0.987179487,1,0.986206897,0.987096774,0.987261146,0.925373134,0.968992248,0.967213115,0.969230769,1,0.980952381,1,0.946902655,0.958333333,0.964788732,0.957746479,0.983870968,0.981651376,0.991869919,1,0.982905983,1,0.963963964,0.944954128,0.948717949,0.9875,0.967741935,0.987654321,0.987654321,0.9875,0.98,0.973154362,0.971631206,0.952054795,1,1,1,1,1,1,0.973451327,0.990654206,0.990909091,0.982300885,0.99137931,1,0.982758621,1,0.982300885,0.98245614,0.957055215,0.955974843,0.97740113,0.97029703,0.96875,0.96969697,0.975806452,0.975409836,0.957983193,0.957627119,0.953488372,0.965517241,1
R14,0.953271028,1,0.953703704,0.951923077,1,0.969387755,0.977272727,0.969387755,0.967391304,0.968421053,0.954545455,0.980952381,0.947368421,0.990196078,0.941666667,0.952380952,0.930434783,0.94017094,0.907407407,0.705882353,0,0.392156863,0.211538462,0.886075949,0.96969697,0.948275862,0.986486486,0.962264151,0.986928105,0.9875,0.93814433,0.985849057,0.985714286,0.985507246,0.985645933,0.981220657,0.978723404,0.980861244,0.983805668,0.983471074,0.983673469,0.982758621,0.983673469,0.921348315,0.955357143,0.961538462,1,0.948979592,0.943925234,0.943925234,1,0.990291262,0.989690722,0.954545455,0.953271028,0.96969697,0.95412844,1,0.990384615,0.993333333,1,0.978417266,0.993548387,0.993630573,0.984962406,0.992307692,0.992307692,0.993006993,1,0.992424242,0.985815603,0.993055556,0.925925926,0.965217391,0.962962963,0.965517241,1,0.989130435,1,0.939393939,0.961832061,0.9609375,0.953125,0.981818182,0.979381443,0.981481481,1,0.980582524,1,0.969387755,0.96969697,0.962264151,0.984848485,0.96,0.985074627,0.985074627,0.984848485,0.946969697,0.954887218,0.96031746,0.977941176,0.982905983,0.968,0.974576271,0.968503937,0.983333333,0.974137931,0.9375,0.956043956,0.956989247,0.936842105,0.98019802,1,0.980392157,1,0.99,0.98,0.973684211,0.972972973,0.975460123,0.953488372,0.951219512,0.952380952,0.953703704,0.952830189,0.942307692,0.941747573,0.938596491,0.970873786,1
R14.89,0.968421053,1,0.96875,0.967391304,1,0.964285714,0.972972973,0.964285714,0.961538462,0.962962963,0.952380952,0.978021978,0.947368421,0.988636364,0.972727273,0.951219512,0.971698113,0.971962617,0.930232558,0.72,0.392156863,0,0.387755102,0.911764706,0.96875,0.990654206,1,0.993333333,1,1,0.94047619,0.989949749,0.989847716,0.989690722,0.989795918,0.985,0.955555556,0.984693878,0.982832618,0.98245614,0.982683983,0.981651376,0.982683983,0.948051948,0.98019802,0.96,1,0.977011494,0.96875,0.96875,1,1,1,0.969387755,0.968421053,1,0.969072165,1,0.988764045,0.992647059,1,0.976,0.992907801,0.993006993,0.983193277,0.99137931,0.99137931,0.992248062,1,0.991525424,0.984251969,0.992307692,0.9,0.980582524,0.979166667,0.980769231,1,0.987179487,1,0.965909091,0.983333333,0.982905983,0.983050847,0.989690722,0.987951807,0.989473684,1,0.988888889,1,1,0.988505747,0.989361702,0.960784314,0.913043478,0.961538462,0.961538462,0.960784314,0.991935484,0.991935484,0.99137931,0.975409836,1,1,1,1,1,1,0.976744186,0.974683544,0.975308642,0.976470588,1,1,1,1,1,1,0.985714286,0.985294118,0.98,0.95890411,0.956521739,0.957746479,0.979381443,0.978947368,0.989473684,0.989361702,0.971153846,0.977777778,1
R15,0.951923077,1,0.952380952,0.95049505,1,0.968421053,0.976470588,0.968421053,0.966292135,0.967391304,0.954545455,0.980392157,0.95,0.98989899,0.949152542,0.952380952,0.947368421,0.947826087,0.901960784,0.741176471,0.211538462,0.387755102,0,0.896103896,0.970588235,0.956140351,0.986206897,0.968152866,0.986666667,0.987261146,0.936170213,0.985645933,0.985507246,0.985294118,0.985436893,0.976076555,0.957446809,0.975609756,0.983606557,0.983263598,0.983471074,0.982532751,0.983471074,0.916666667,0.95412844,0.961538462,1,0.947368421,0.942307692,0.942307692,1,0.99,0.989361702,0.953271028,0.951923077,0.970588235,0.952830189,1,0.98989899,0.993197279,1,0.977941176,0.993421053,0.993506494,0.984615385,0.992125984,0.992125984,0.992857143,1,0.992248062,0.985507246,0.992907801,0.921568627,0.964285714,0.961904762,0.96460177,1,0.988764045,1,0.9375,0.9609375,0.96,0.952,0.981308411,0.978494624,0.980952381,1,0.98,1,0.968421053,0.979381443,0.960784314,0.967741935,0.916666667,0.968253968,0.968253968,0.967741935,0.953846154,0.961832061,0.967741935,0.977443609,0.98245614,0.967213115,0.973913043,0.967741935,0.982905983,0.973451327,0.935483871,0.954545455,0.955555556,0.934782609,0.979591837,1,0.97979798,1,0.989690722,0.979381443,0.973154362,0.972413793,0.968553459,0.951807229,0.949367089,0.950617284,0.962264151,0.961538462,0.940594059,0.94,0.946428571,0.97,1
R16,0.927835052,1,0.928571429,0.936842105,1,0.989130435,0.987654321,0.989130435,0.988235294,0.988764045,0.96,0.989795918,0.958333333,0.989361702,0.855769231,0.930232558,0.882352941,0.873786408,0.833333333,0.926315789,0.886075949,0.911764706,0.896103896,0,0.9375,0.933962264,0.992907801,0.973856209,0.993150685,0.993464052,0.920454545,0.970149254,0.969849246,0.969387755,0.96969697,0.985436893,1,0.985148515,0.991701245,0.991525424,0.991631799,0.991150442,0.991631799,0.868421053,0.898989899,1,1,0.895348837,0.90625,0.917525773,0.982142857,0.967741935,0.977272727,0.940594059,0.93877551,1,0.94,1,0.978494624,0.971223022,0.971428571,0.969230769,0.972222222,0.97260274,0.967479675,0.975,0.975,0.96969697,1,0.966942149,0.977272727,0.969924812,0.958333333,0.962616822,0.97029703,0.962962963,1,0.975903614,1,0.945652174,0.959349593,0.958333333,0.958677686,0.96,0.954545455,0.948453608,0.952380952,0.956989247,1,0.989130435,0.989130435,0.97,0.982758621,0.962962963,0.983050847,0.965517241,0.964912281,0.943548387,0.952,0.948717949,0.968503937,1,0.983193277,0.991071429,0.983471074,0.991150442,0.990909091,0.906976744,0.925,0.914634146,0.918604651,0.956043956,1,0.956521739,1,0.978021978,0.967032967,0.95035461,0.948905109,0.974193548,0.987654321,0.986842105,0.987341772,0.970588235,0.97,0.96969697,0.969387755,0.923809524,0.957446809,1
R19.92,1,1,1,1,1,0.941176471,0.939393939,0.942857143,0.939393939,0.939393939,0.928571429,0.95,0.962962963,0.947368421,0.981481481,0.98,0.981481481,0.980769231,1,0.914285714,0.96969697,0.96875,0.970588235,0.9375,0,0.136363636,0.978723404,0.976744186,0.977777778,0.979166667,0.942857143,0.980392157,0.98,0.980392157,0.979166667,0.961538462,0.961538462,0.960784314,1,1,1,1,1,1,1,1,1,1,1,1,1,1,1,1,1,1,1,1,1,1,1,1,1,1,1,1,1,0.977777778,1,0.975609756,1,1,0.846153846,0.914285714,0.914285714,0.911764706,NA,0.870967742,NA,0.848484848,0.85,0.875,0.875,1,1,1,1,1,0.923076923,1,0.903225806,0.95,1,1,1,1,1,0.677419355,0.677419355,0.677419355,0.911764706,1,1,1,1,1,1,1,1,1,1,1,1,1,1,1,0.976744186,0.891304348,0.913043478,0.956521739,0.9375,0.967741935,0.933333333,0.966666667,0.964285714,0.914285714,0.90625,0.777777778,0.966666667,0.941176471
R19.88,0.984732824,1,0.984848485,0.984375,1,0.967479675,0.973451327,0.967479675,0.983193277,0.966666667,0.928571429,0.984,0.962962963,0.983606557,0.951724138,0.98,0.958041958,0.95035461,0.945945946,0.9453125,0.948275862,0.990654206,0.956140351,0.933962264,0.136363636,0,0.963190184,0.951515152,0.963636364,0.964071856,0.948717949,0.951456311,0.950980392,0.951690821,0.950738916,0.96713615,0.962264151,0.966666667,0.983193277,0.987179487,0.987341772,0.991150442,0.987288136,0.982608696,0.985714286,1,1,0.984251969,0.985294118,0.985294118,1,0.967213115,0.965811966,0.953846154,0.952755906,1,0.953488372,1,0.991803279,0.988023952,1,0.987421384,0.988304094,0.988439306,0.986842105,0.986486486,0.993333333,0.98136646,1,0.986928105,0.9875,0.98757764,0.95,0.962406015,0.96031746,0.970149254,NA,0.951923077,NA,0.805555556,0.752136752,0.767241379,0.769230769,0.977099237,0.974576271,0.984615385,1,0.984,0.923076923,0.965811966,0.933333333,0.942622951,1,1,1,1,1,0.416666667,0.4,0.484210526,0.959459459,0.97761194,0.955882353,0.953488372,0.948905109,0.945736434,0.952755906,0.976,0.983193277,0.975,0.975806452,0.984251969,1,0.984375,1,0.984,0.976,0.923076923,0.928571429,0.977653631,0.954545455,0.962962963,0.952830189,0.969465649,0.969230769,0.950819672,0.950413223,0.72972973,0.949579832,0.977272727
R17,1,1,1,1,1,0.952702703,0.956521739,0.952702703,0.955882353,0.95890411,0.939393939,0.974522293,0.967741935,0.967105263,0.988826816,0.98245614,0.99408284,0.994350282,1,0.993865031,0.986486486,1,0.986206897,0.992907801,0.978723404,0.963190184,0,0.489655172,0.606666667,0.597402597,0.960264901,0.973282443,0.977011494,0.972762646,0.972972973,0.928853755,0.931034483,0.932,0.951890034,0.958333333,0.958762887,0.960573477,0.951557093,0.985507246,0.98816568,1,1,0.987096774,0.987878788,0.993975904,1,0.967320261,0.972972973,0.994047619,1,1,0.994011976,1,1,0.995098039,1,0.994871795,0.995215311,0.995260664,0.994680851,0.994565217,0.994505495,0.994923858,1,0.994623656,1,0.994949495,1,0.957831325,0.955974843,0.958083832,0.9375,0.979166667,0.9375,0.974193548,0.972972973,0.966850829,0.967032967,1,1,1,1,1,1,0.986928105,0.986394558,0.96875,1,1,1,1,1,0.956756757,0.956756757,0.977900552,0.973404255,0.938650307,0.954285714,0.885350318,0.924418605,0.906832298,0.876623377,0.987012987,1,1,0.993506494,0.993589744,1,0.993630573,1,0.993506494,0.993548387,0.990384615,0.990196078,0.947619048,0.948905109,0.952380952,0.955882353,0.975460123,0.96875,0.955414013,0.955128205,0.98255814,0.940397351,1
R18,0.983146067,1,0.983240223,0.982857143,1,0.963414634,0.960784314,0.963414634,0.971830986,0.969135802,0.966666667,0.988505747,1,0.988235294,0.968421053,0.981132075,0.964285714,0.973404255,0.974576271,0.988700565,0.962264151,0.993333333,0.968152866,0.973856209,0.976744186,0.951515152,0.489655172,0,0.617283951,0.616766467,0.938271605,0.948148148,0.951672862,0.947169811,0.947565543,0.912547529,0.905660377,0.91954023,0.943894389,0.95,0.947019868,0.948275862,0.936454849,0.980769231,0.983606557,1,1,0.982248521,0.983240223,0.988888889,1,0.957831325,0.962732919,0.977777778,0.988826816,1,0.977653631,1,1,0.990825688,1,0.990430622,0.99103139,0.991111111,0.99009901,0.98989899,0.989528796,0.990521327,1,0.995024876,1,0.990566038,1,0.94972067,0.947674419,0.95,0.962962963,0.974683544,0.962962963,0.970414201,0.964646465,0.958762887,0.958974359,1,1,1,1,1,1,0.982035928,0.98,0.965517241,1,1,1,1,1,0.93877551,0.944162437,0.96373057,0.965174129,0.925714286,0.92972973,0.901734104,0.913043478,0.908571429,0.900584795,0.982142857,0.993103448,0.993939394,0.988095238,0.994152047,1,0.994186047,1,0.99408284,0.994117647,0.981900452,0.98156682,0.932126697,0.953947368,0.953846154,0.953333333,0.965909091,0.959537572,0.940828402,0.934131737,0.961748634,0.952095808,1
R30,0.994117647,1,0.994152047,0.994011976,1,0.967741935,0.958041958,0.967741935,0.971428571,0.967105263,0.96969697,0.981595092,1,0.981132075,0.989130435,1,0.994152047,0.994505495,1,0.981927711,0.986928105,1,0.986666667,0.993150685,0.977777778,0.963636364,0.606666667,0.617283951,0,0.421428571,0.92,0.942084942,0.945736434,0.940944882,0.945525292,0.909090909,0.928571429,0.924901186,0.956228956,0.962585034,0.959459459,0.961267606,0.948805461,0.985915493,0.988505747,1,1,0.9875,0.988235294,0.994152047,1,0.96835443,0.973856209,0.98245614,0.994117647,1,0.982352941,0.982608696,1,0.995215311,1,0.995,0.995327103,0.99537037,0.994818653,0.994708995,0.994594595,0.995049505,1,0.994764398,1,0.995073892,1,0.971098266,0.969879518,0.971264368,1,0.986666667,1,0.98136646,0.979057592,0.973262032,0.973404255,1,1,1,1,1,1,0.98089172,0.986577181,0.956790123,1,1,1,1,1,0.96875,0.96875,0.989361702,0.963350785,0.94047619,0.94972067,0.902439024,0.938547486,0.916167665,0.901234568,0.981012658,0.993006993,0.993548387,0.987341772,0.99378882,1,0.99382716,1,0.993710692,0.99375,0.990610329,0.990430622,0.923809524,0.950704225,0.952380952,0.957446809,0.976190476,0.975903614,0.94375,0.943396226,0.977272727,0.955696203,1
R31,0.994350282,1,0.994382022,0.994252874,1,0.962732919,0.96,0.962732919,0.979020979,0.962025316,0.972222222,0.982352941,1,0.981927711,0.984210526,1,0.988372093,0.989361702,1,0.98265896,0.9875,1,0.987261146,0.993464052,0.979166667,0.964071856,0.597402597,0.616766467,0.421428571,0,0.94375,0.935606061,0.943181818,0.934362934,0.938931298,0.940074906,0.93220339,0.943181818,0.95379538,0.96,0.956953642,0.95862069,0.95,0.98630137,0.977653631,1,1,0.981927711,0.988700565,0.994382022,1,0.96969697,0.975,0.983146067,0.988636364,0.98,0.983050847,0.983606557,1,0.990697674,1,0.985365854,0.990909091,0.990990991,0.984848485,0.98974359,0.983957219,0.990384615,1,0.994949495,0.995192308,0.990430622,1,0.972222222,0.971098266,0.972375691,1,0.987261146,1,0.976047904,0.974619289,0.968911917,0.969072165,0.988636364,0.987421384,0.994285714,1,0.98816568,1,0.987878788,0.986754967,0.964497041,1,1,1,1,1,0.959390863,0.959390863,0.979274611,0.954081633,0.948863636,0.951612903,0.912790698,0.940860215,0.931818182,0.911764706,0.981818182,0.993103448,0.99382716,0.987878788,0.994047619,1,0.99408284,1,0.993975904,0.994011976,0.98630137,0.986046512,0.945701357,0.953020134,0.953488372,0.959459459,0.971264368,0.970930233,0.952380952,0.952095808,0.978142077,0.963855422,1
R21,0.965217391,1,0.965517241,0.964285714,1,0.981132075,0.968085106,0.981132075,0.978723404,0.980582524,0.964285714,0.982142857,1,0.990825688,0.969230769,0.979166667,0.966666667,0.968503937,0.947368421,0.936363636,0.93814433,0.94047619,0.936170213,0.920454545,0.942857143,0.948717949,0.960264901,0.938271605,0.92,0.94375,0,0.873096447,0.865979381,0.869791667,0.888324873,0.962962963,0.98,0.96713615,0.976190476,0.975708502,0.976,0.974683544,0.97188755,0.958333333,0.975206612,1,1,0.971962617,0.974358974,0.974358974,1,0.972222222,0.970588235,0.948275862,0.946902655,1,0.947826087,0.984375,0.990740741,0.987179487,1,0.986394558,0.98757764,0.987730061,0.985714286,0.99270073,0.992647059,0.986577181,1,0.985507246,0.986486486,0.986666667,0.984375,0.93220339,0.9375,0.941666667,1,0.979591837,1,0.943396226,0.971223022,0.970588235,0.97080292,0.991525424,0.990384615,0.99137931,1,0.990990991,0.956521739,1,0.990196078,0.982758621,1,1,1,1,1,0.957142857,0.957142857,0.970149254,0.926470588,1,0.992592593,0.976,0.99270073,0.976190476,0.975609756,0.981308411,0.978723404,0.980392157,0.981132075,0.990825688,1,0.981651376,1,0.981132075,0.981308411,0.96835443,0.967532468,0.964285714,0.956989247,0.963414634,0.956043956,0.965517241,0.964912281,0.885714286,0.895238095,0.933333333,0.923809524,1
R22,0.991266376,1,0.991304348,0.991150442,1,0.990825688,0.990338164,0.990825688,0.994680851,0.99537037,1,0.981981982,1,0.981651376,0.975,0.984126984,0.976415094,0.974683544,0.981012658,0.97309417,0.985849057,0.989949749,0.985645933,0.970149254,0.980392157,0.951456311,0.973282443,0.948148148,0.942084942,0.935606061,0.873096447,0,0.134831461,0.076023392,0.041420118,0.936708861,0.984615385,0.935897436,0.960674157,0.963068182,0.960451977,0.965014577,0.954545455,0.979899497,0.973913043,1,1,0.976958525,0.98245614,0.98245614,1,0.98173516,0.976415094,0.978165939,0.982378855,0.984126984,0.978070175,0.994318182,0.995260664,0.992537313,1,0.992277992,0.992673993,0.992727273,0.992063492,0.995983936,0.991769547,0.992337165,1,1,0.988416988,0.992366412,0.994318182,0.96069869,0.96875,0.960869565,1,0.99047619,1,0.972477064,0.946280992,0.945606695,0.945833333,0.986842105,0.980769231,0.991189427,1,0.986425339,1,0.976744186,0.979166667,0.963302752,1,1,1,1,1,0.955465587,0.955465587,0.962655602,0.938271605,0.978540773,0.975206612,0.961038961,0.979591837,0.974468085,0.965217391,0.98156682,0.978378378,0.981132075,0.981481481,0.990909091,1,0.990950226,1,0.990825688,0.99086758,0.966165414,0.969581749,0.936802974,0.990338164,0.988439306,1,0.977973568,0.977777778,0.939814815,0.949308756,0.965517241,0.933649289,0.988950276
R22.89,0.991189427,1,0.99122807,0.991071429,1,0.990740741,0.990243902,0.990740741,0.994623656,0.995327103,1,0.981818182,1,0.981481481,0.974789916,0.983870968,0.976190476,0.974468085,0.980769231,0.968181818,0.985714286,0.989847716,0.985507246,0.969849246,0.98,0.950980392,0.977011494,0.951672862,0.945736434,0.943181818,0.865979381,0.134831461,0,0.173184358,0.162011173,0.943037975,0.984375,0.942307692,0.957507082,0.962857143,0.957264957,0.961764706,0.951289398,0.979695431,0.973684211,1,1,0.976744186,0.982300885,0.982300885,1,0.98156682,0.976190476,0.968888889,0.977678571,0.984126984,0.96875,0.994252874,0.995215311,0.992481203,1,0.992217899,0.992619926,0.992673993,0.992,0.995951417,0.991701245,0.992277992,1,1,0.988326848,0.992307692,0.994252874,0.955752212,0.963800905,0.955947137,1,0.990384615,1,0.96744186,0.945833333,0.945147679,0.945378151,0.986725664,0.980582524,0.991111111,1,0.98630137,1,0.976525822,0.978947368,0.962962963,1,1,1,1,1,0.955102041,0.955102041,0.962343096,0.937759336,0.982758621,0.979253112,0.965217391,0.979423868,0.974248927,0.969432314,0.981395349,0.978142077,0.980952381,0.981308411,0.990825688,1,0.986238532,1,0.986046512,0.986111111,0.969811321,0.973282443,0.932330827,0.990243902,0.988304094,1,0.968609865,0.972972973,0.919047619,0.928909953,0.956140351,0.927884615,0.988826816
R23,0.991071429,1,0.991111111,0.990950226,1,0.990610329,0.99009901,0.990610329,0.994708995,0.995260664,1,0.98156682,1,0.981220657,0.974468085,0.984126984,0.976525822,0.974137931,0.980392157,0.972477064,0.985507246,0.989690722,0.985294118,0.969387755,0.980392157,0.951690821,0.972762646,0.947169811,0.940944882,0.934362934,0.869791667,0.076023392,0.173184358,0,0.093567251,0.942492013,0.984615385,0.941747573,0.96011396,0.962536023,0.959885387,0.964497041,0.95389049,0.979381443,0.973333333,1,1,0.976415094,0.98206278,0.98206278,1,0.981308411,0.975845411,0.97309417,0.977375566,0.984126984,0.972972973,0.994152047,1,0.996212121,1,0.992125984,0.996282528,0.996309963,0.995967742,0.995901639,0.991596639,0.996108949,1,1,0.992156863,0.996124031,0.994152047,0.955156951,0.963302752,0.955357143,1,0.990243902,1,0.971830986,0.962655602,0.962184874,0.962343096,0.986547085,0.980295567,0.990990991,1,0.986111111,1,0.976190476,0.979274611,0.962441315,1,1,1,1,1,0.963114754,0.963114754,0.970588235,0.941422594,0.978070175,0.974683544,0.960176991,0.979166667,0.973913043,0.964444444,0.981132075,0.978494624,0.980676329,0.981042654,0.990697674,1,0.990740741,1,0.990610329,0.990654206,0.969465649,0.968992248,0.935606061,0.99009901,0.988505747,1,0.977477477,0.977272727,0.938388626,0.948113208,0.964757709,0.926829268,0.988636364
R24,0.991150442,1,0.991189427,0.99103139,1,0.990697674,0.990196078,0.990697674,0.994594595,0.995305164,1,0.98173516,1,0.981395349,0.974683544,0.983333333,0.976076555,0.974358974,0.98089172,0.972727273,0.985645933,0.989795918,0.985436893,0.96969697,0.979166667,0.950738916,0.972972973,0.947565543,0.945525292,0.938931298,0.888324873,0.041420118,0.162011173,0.093567251,0,0.939490446,0.983870968,0.938709677,0.963276836,0.965714286,0.963068182,0.967741935,0.957142857,0.984848485,0.978070175,1,1,0.981395349,0.986725664,0.986725664,1,0.986175115,0.980952381,0.977876106,0.982142857,0.983333333,0.977777778,1,0.995215311,0.99245283,1,0.9921875,0.992592593,0.992647059,0.991967871,0.995934959,0.991666667,0.992248062,1,1,0.98828125,0.992277992,0.994219653,0.960176991,0.968325792,0.960352423,1,0.990338164,1,0.972093023,0.95,0.949367089,0.949579832,0.986666667,0.980487805,0.991071429,1,0.986238532,1,0.976415094,0.978835979,0.967592593,1,1,1,1,1,0.954918033,0.954918033,0.962184874,0.946280992,0.982683983,0.979166667,0.960526316,0.979338843,0.974137931,0.964757709,0.986046512,0.983606557,0.985714286,0.985981308,0.99078341,1,0.990825688,1,0.990697674,0.990740741,0.965779468,0.969230769,0.940074906,0.990196078,0.988235294,1,0.977678571,0.977477477,0.943925234,0.953488372,0.969565217,0.937799043,0.988764045
